sample	OSMOTIC_STRESS_T100_SE_REP2	OSMOTIC_STRESS_T100_SE_REP1	OSMOTIC_STRESS_T0_PE_REP2	OSMOTIC_STRESS_T150_SE_REP1	OSMOTIC_STRESS_T0_PE_REP1	OSMOTIC_STRESS_T15_PE_REP1
OSMOTIC_STRESS_T100_SE_REP2	0	17.1784093047201	6.07174564130941	20.5484962608527	17.0493915990064	20.5867760332004
OSMOTIC_STRESS_T100_SE_REP1	17.1784093047201	0	17.4045879183562	17.3237258966953	4.89030115180692	17.4003674669957
OSMOTIC_STRESS_T0_PE_REP2	6.07174564130941	17.4045879183562	0	20.7445981922107	16.8988021229759	20.4583310420748
OSMOTIC_STRESS_T150_SE_REP1	20.5484962608527	17.3237258966953	20.7445981922107	0	17.8200366540069	3.43224693708457
OSMOTIC_STRESS_T0_PE_REP1	17.0493915990064	4.89030115180692	16.8988021229759	17.8200366540069	0	17.5596374232766
OSMOTIC_STRESS_T15_PE_REP1	20.5867760332004	17.4003674669957	20.4583310420748	3.43224693708457	17.5596374232766	0
