## htsjdk.samtools.metrics.StringHeader
# CollectMultipleMetrics --INPUT OSMOTIC_STRESS_T15_PE_REP1.mLb.clN.sorted.bam --OUTPUT OSMOTIC_STRESS_T15_PE_REP1.mLb.clN.CollectMultipleMetrics --TMP_DIR tmp --VALIDATION_STRINGENCY LENIENT --REFERENCE_SEQUENCE genome.fa --ASSUME_SORTED true --STOP_AFTER 0 --METRIC_ACCUMULATION_LEVEL ALL_READS --PROGRAM CollectAlignmentSummaryMetrics --PROGRAM CollectBaseDistributionByCycle --PROGRAM CollectInsertSizeMetrics --PROGRAM MeanQualityByCycle --PROGRAM QualityScoreDistribution --INCLUDE_UNPAIRED false --VERBOSITY INFO --QUIET false --COMPRESSION_LEVEL 5 --MAX_RECORDS_IN_RAM 500000 --CREATE_INDEX false --CREATE_MD5_FILE false --help false --version false --showHidden false --USE_JDK_DEFLATER false --USE_JDK_INFLATER false
## htsjdk.samtools.metrics.StringHeader
# Started on: Fri Oct 25 17:34:09 GMT 2024

## METRICS CLASS	picard.analysis.BaseDistributionByCycleMetrics
READ_END	CYCLE	PCT_A	PCT_C	PCT_G	PCT_T	PCT_N
1	1	18.32481	31.769396	31.385001	18.513223	0.00757
1	2	30.633033	19.234069	19.308929	30.822287	0.001682
1	3	29.299845	20.703519	20.321647	29.674988	0
1	4	29.478164	20.605107	20.27875	29.637979	0
1	5	37.82047	12.136633	11.890182	38.151033	0.001682
1	6	29.198069	20.699314	20.407442	29.685923	0.009252
1	7	29.020591	21.161093	20.711931	29.106386	0
1	8	30.081253	19.853139	19.756409	30.309199	0
1	9	20.012953	30.180506	29.749007	20.057533	0
1	10	31.565843	18.463596	17.916863	32.053698	0
1	11	24.475977	25.629164	25.425611	24.469248	0
1	12	29.240125	20.87595	20.516789	29.367135	0
1	13	24.655979	25.408788	25.172431	24.762802	0
1	14	25.009252	24.807382	25.07486	25.108505	0
1	15	27.377027	22.830731	22.113249	27.678992	0
1	16	29.007133	21.008849	20.725389	29.25863	0
1	17	30.145179	20.102113	19.653792	30.098917	0
1	18	30.0863	20.191272	19.761456	29.960972	0
1	19	29.897887	19.793419	20.082767	30.225927	0
1	20	29.658166	20.402396	20.173609	29.76583	0
1	21	29.167788	20.923054	20.362021	29.547137	0
1	22	29.160954	21.0691	20.597216	29.17273	0
1	23	28.903562	21.20032	21.074147	28.821971	0
1	24	29.077817	21.089998	20.713991	29.118194	0
1	25	28.969549	20.970727	20.942127	29.117598	0
1	26	29.159306	20.961826	20.669931	29.208937	0
1	27	29.452349	20.743271	20.371383	29.432997	0
1	28	29.723861	20.435628	20.234478	29.606033	0
1	29	29.560304	20.368967	20.162676	29.908053	0
1	30	29.418355	20.621657	20.256918	29.70307	0
1	31	29.186575	20.591383	20.699244	29.522798	0
1	32	29.312801	20.756737	20.509773	29.420689	0
1	33	29.365441	20.766935	20.701169	29.166456	0
1	34	29.184169	21.0014	20.616765	29.197665	0
1	35	29.182774	20.978443	20.786839	29.051944	0
1	36	29.09535	20.995512	20.725883	29.183254	0
1	37	29.405432	20.794622	20.574224	29.225722	0
1	38	29.27591	20.824079	20.370512	29.529499	0
1	39	29.631561	20.371858	20.30689	29.689691	0
1	40	29.403425	20.639967	20.244713	29.711895	0
1	41	29.320041	20.412588	20.235493	30.031877	0
1	42	29.498428	20.773467	20.016852	29.711253	0
1	43	29.02487	20.986931	20.615412	29.372787	0
1	44	29.004234	21.006769	20.683737	29.305261	0
1	45	29.258668	21.026869	20.442494	29.271969	0
1	46	28.931734	20.893602	20.792645	29.382019	0
1	47	29.225339	20.949328	20.474844	29.349588	0.0009
1	48	29.486237	20.414386	20.470654	29.626907	0.001815
1	49	29.248795	20.698612	20.380313	29.67045	0.001829
1	50	29.412578	20.730313	20.344967	29.502922	0.009219
1	51	29.347907	20.694847	20.235705	29.709458	0.012083
1	52	29.150791	21.074361	20.379715	29.390453	0.004681
1	53	29.442836	20.514247	20.575557	29.4617	0.005659
1	54	28.930764	21.116749	20.528536	29.42395	0
1	55	29.275415	21.054899	20.362675	29.306053	0.000957
1	56	29.15951	20.910933	20.798996	29.130561	0
1	57	29.198124	20.828144	20.222992	29.750739	0
1	58	29.341523	20.533375	20.291021	29.834081	0
1	59	29.516207	20.516929	20.393286	29.573578	0
1	60	29.657518	20.673595	20.18291	29.485978	0
1	61	29.522517	20.733816	20.129674	29.613993	0
1	62	29.733398	20.473239	20.293951	29.499413	0
1	63	29.564614	20.793615	20.237391	29.40438	0
1	64	29.43584	20.881923	20.567245	29.114991	0
1	65	29.502896	20.606431	20.237515	29.653157	0
1	66	29.344581	20.650199	20.492556	29.512664	0
1	67	29.373639	20.754201	20.390147	29.482013	0
1	68	29.385997	20.617715	20.31013	29.686158	0
1	69	29.666335	20.708383	20.417589	29.207693	0
1	70	29.447079	20.648847	20.134727	29.769347	0
1	71	29.872798	20.265275	20.118504	29.743422	0
1	72	29.584188	20.483303	20.485498	29.447011	0
1	73	29.825866	20.436611	20.256817	29.480705	0
1	74	29.980254	20.179759	20.031095	29.808893	0
1	75	31.500652	18.821461	18.361651	31.315007	0.001229
1	76	36.098045	13.946713	13.777445	36.177797	0
2	77	17.706581	32.493607	31.863603	17.91434	0.021869
2	78	30.790324	19.423323	19.199583	30.562378	0.024393
2	79	29.34106	20.927259	20.384732	29.334331	0.012617
2	80	29.329285	20.769127	20.515948	29.378911	0.006729
2	81	37.684207	12.254391	12.024763	38.035798	0.000841
2	82	29.320032	20.86838	20.339311	29.470594	0.001682
2	83	28.958347	21.071933	20.815389	29.153489	0.000841
2	84	29.958448	19.92127	19.965009	30.152749	0.002523
2	85	19.8094	29.982841	29.64639	20.560528	0.000841
2	86	31.561638	18.364343	18.303782	31.769396	0.000841
2	87	24.370836	25.725052	25.300283	24.603829	0
2	88	29.113115	20.746417	20.449499	29.689287	0.001682
2	89	24.663549	25.486172	25.064767	24.78383	0.001682
2	90	24.767008	24.847756	24.961308	25.422246	0.001682
2	91	27.278615	22.767647	22.320167	27.633571	0
2	92	29.199751	20.843988	20.6295	29.326761	0
2	93	29.899569	19.882579	19.88342	30.334432	0
2	94	30.050131	19.847251	19.743792	30.357143	0.001682
2	95	29.656483	20.104636	19.840522	30.398358	0
2	96	29.520221	20.388096	20.076038	30.015645	0
2	97	29.284849	20.880017	20.317284	29.517849	0
2	98	28.93205	20.968692	20.78784	29.311418	0
2	99	28.997796	21.208298	20.605999	29.187907	0
2	100	29.121591	20.933089	20.737924	29.207396	0
2	101	29.107183	21.132993	20.812477	28.947346	0
2	102	29.047347	20.75832	20.506781	29.687553	0
2	103	29.391124	20.951347	20.305952	29.351576	0
2	104	28.981103	20.77522	20.54964	29.694036	0
2	105	29.302243	20.502392	20.328921	29.866444	0
2	106	29.576587	20.677832	20.602012	29.14357	0
2	107	29.602319	20.645863	20.497543	29.254275	0
2	108	29.251947	20.899788	20.630037	29.218228	0
2	109	29.369603	20.980336	20.717249	28.932812	0
2	110	29.076722	21.200388	20.593024	29.129866	0
2	111	29.165189	21.111674	20.400945	29.322191	0
2	112	29.111549	21.085819	20.595569	29.207063	0
2	113	29.501123	20.894333	20.354342	29.250201	0
2	114	29.251979	20.681644	20.322526	29.743852	0
2	115	29.294751	20.601812	20.327406	29.77603	0
2	116	29.552172	20.837057	20.203808	29.406963	0
2	117	29.66882	20.273305	20.296628	29.761247	0
2	118	29.456422	20.805031	20.278651	29.459896	0
2	119	29.35176	20.587927	20.649115	29.411199	0
2	120	29.409745	21.079639	20.483752	29.026863	0
2	121	29.040267	20.990326	20.527441	29.441966	0
2	122	29.148315	20.922711	20.606445	29.322529	0
2	123	29.389681	21.117643	20.287559	29.205117	0
2	124	29.549064	20.588422	20.30982	29.552694	0
2	125	29.717865	20.524944	20.328319	29.426128	0.002744
2	126	29.390998	20.516366	20.402068	29.690568	0
2	127	29.641022	20.634508	20.133629	29.588983	0.001859
2	128	29.585533	20.608222	20.362986	29.443259	0
2	129	29.086622	20.92328	20.308389	29.681709	0
2	130	29.320501	21.128888	20.399225	29.147586	0.0038
2	131	29.541669	20.675627	20.490877	29.287041	0.004786
2	132	29.003753	20.991906	20.753625	29.248787	0.001929
2	133	29.153416	20.75468	20.549477	29.541454	0.000973
2	134	29.279129	20.867007	20.27756	29.576304	0
2	135	29.44183	20.874525	20.171623	29.512022	0
2	136	29.745517	20.547044	20.027711	29.679728	0
2	137	29.319335	20.837896	20.280303	29.558447	0.004019
2	138	29.486557	20.583293	20.244169	29.685982	0
2	139	29.524266	20.809278	20.17687	29.485506	0.00408
2	140	29.417992	20.56094	20.586633	29.434435	0
2	141	29.530625	20.684798	20.302629	29.481948	0
2	142	29.402005	20.818682	20.374177	29.404092	0.001043
2	143	29.705428	20.692629	20.085816	29.516127	0
2	144	29.982507	20.202491	20.174927	29.640074	0
2	145	29.345317	20.50186	20.481554	29.671269	0
2	146	29.410561	20.651389	20.137475	29.800575	0
2	147	29.761038	20.51661	19.878726	29.843626	0
2	148	29.774141	20.636662	20.136459	29.452739	0
2	149	29.503281	20.651631	20.086395	29.758692	0
2	150	30.328233	19.959042	19.794072	29.918653	0
2	151	31.613421	18.677686	18.307635	31.398791	0.002467
2	152	36.306647	14.29632	13.581998	35.815035	0


