## htsjdk.samtools.metrics.StringHeader
# CollectMultipleMetrics --INPUT OSMOTIC_STRESS_T100_SE_REP1.sorted.bam --OUTPUT OSMOTIC_STRESS_T100_SE_REP1.CollectMultipleMetrics --TMP_DIR tmp --VALIDATION_STRINGENCY LENIENT --REFERENCE_SEQUENCE genome.fa --ASSUME_SORTED true --STOP_AFTER 0 --METRIC_ACCUMULATION_LEVEL ALL_READS --PROGRAM CollectAlignmentSummaryMetrics --PROGRAM CollectBaseDistributionByCycle --PROGRAM CollectInsertSizeMetrics --PROGRAM MeanQualityByCycle --PROGRAM QualityScoreDistribution --INCLUDE_UNPAIRED false --VERBOSITY INFO --QUIET false --COMPRESSION_LEVEL 5 --MAX_RECORDS_IN_RAM 500000 --CREATE_INDEX false --CREATE_MD5_FILE false --help false --version false --showHidden false --USE_JDK_DEFLATER false --USE_JDK_INFLATER false
## htsjdk.samtools.metrics.StringHeader
# Started on: Fri Oct 25 18:21:05 GMT 2024

## METRICS CLASS	picard.analysis.BaseDistributionByCycleMetrics
READ_END	CYCLE	PCT_A	PCT_C	PCT_G	PCT_T	PCT_N
1	1	19.300837	30.612463	30.830818	19.228052	0.02783
1	2	30.648856	19.405733	19.215208	30.725922	0.004281
1	3	29.319461	20.715861	20.491084	29.473594	0
1	4	29.443624	20.68375	20.658061	29.214566	0
1	5	37.36005	12.656006	12.617473	37.366472	0
1	6	28.927707	20.972748	20.964186	29.128936	0.006422
1	7	28.657975	21.218933	21.317406	28.805686	0
1	8	29.978807	19.936634	20.262026	29.822533	0
1	9	21.099052	28.949115	28.961959	20.989874	0
1	10	31.39383	18.919787	18.819172	30.86721	0
1	11	24.440734	25.618136	25.359108	24.582022	0
1	12	29.11181	20.634513	21.1226	29.131077	0
1	13	24.719029	25.037998	25.382656	24.860317	0
1	14	25.331278	24.389356	24.982339	25.297027	0
1	15	27.497699	22.554749	22.357802	27.58975	0
1	16	29.150344	20.59812	20.878556	29.37298	0
1	17	30.060155	19.69045	20.013701	30.235695	0
1	18	29.824674	20.15927	19.83602	30.180036	0
1	19	29.828956	20.202085	20.050093	29.918866	0
1	20	30.096547	20.15927	20.272729	29.471453	0
1	21	29.646993	20.668765	20.407595	29.276647	0
1	22	29.171751	20.720142	20.653779	29.454327	0
1	23	28.974804	20.979171	20.983452	29.062574	0
1	24	28.850641	20.904245	21.026267	29.218847	0
1	25	28.869908	21.021985	21.266029	28.842078	0
1	26	29.383683	20.972748	20.745831	28.891315	0.006422
1	27	29.05187	20.696594	20.816475	29.43292	0.002141
1	28	29.430779	20.371203	20.56815	29.629867	0
1	29	29.674823	20.456832	20.017982	29.843941	0.006422
1	30	29.270225	20.587417	20.593839	29.54852	0
1	31	29.606505	20.547975	20.547975	29.288963	0.008582
1	32	29.343323	20.533242	20.95829	29.160853	0.004293
1	33	29.350884	20.96369	20.465526	29.217754	0.002147
1	34	29.071541	21.11209	20.484955	29.331415	0
1	35	29.422891	20.793122	20.580333	29.203654	0
1	36	29.452674	20.661442	20.652829	29.233055	0
1	37	29.073558	20.41583	20.97502	29.535592	0
1	38	29.493038	20.332633	20.445243	29.729086	0
1	39	29.59015	20.551253	20.446833	29.411765	0
1	40	29.310194	20.444074	20.705165	29.540568	0
1	41	29.887109	20.516711	20.139664	29.456517	0
1	42	29.911007	20.588302	20.158058	29.342633	0
1	43	29.107853	20.752821	20.878443	29.260883	0
1	44	29.367362	21.082549	20.626884	28.923204	0
1	45	29.809725	20.437702	20.156588	29.595985	0
1	46	29.814567	20.634362	20.549968	29.001102	0
1	47	29.743869	20.249029	20.521257	29.483477	0.002367
1	48	29.668179	20.193364	20.809262	29.326808	0.002387
1	49	29.879883	20.366849	20.253713	29.499555	0
1	50	29.723161	20.149236	20.312082	29.81066	0.004861
1	51	29.649543	20.132192	20.460207	29.75066	0.007399
1	52	29.880767	20.074145	20.176845	29.868243	0
1	53	29.689202	20.509638	20.466577	29.33205	0.002533
1	54	29.47328	20.687804	20.340066	29.498849	0
1	55	29.763072	20.340164	20.61116	29.285604	0
1	56	29.396284	20.375726	20.594596	29.633393	0
1	57	29.511906	20.510459	20.492041	29.485594	0
1	58	29.527705	20.230569	20.328853	29.912873	0
1	59	29.884011	19.994107	20.251266	29.870617	0
1	60	29.729876	20.15791	20.27418	29.838034	0
1	61	30.019115	20.221191	20.152922	29.606772	0
1	62	29.895597	20.007734	20.524223	29.572447	0
1	63	30.115205	20.232085	20.092611	29.560099	0
1	64	29.56578	20.290793	20.521402	29.622026	0
1	65	29.193287	20.282818	20.958628	29.565267	0
1	66	29.972494	20.27391	20.230932	29.522663	0
1	67	29.798374	20.689057	20.234893	29.277677	0
1	68	29.948942	20.711889	20.058352	29.280817	0
1	69	29.721371	20.431786	20.531927	29.314915	0
1	70	29.847909	20.53529	20.70461	28.912191	0
1	71	29.723323	19.961589	20.303685	30.011403	0
1	72	30.02516	19.739913	20.221892	30.013035	0
1	73	29.800246	20.221266	20.316533	29.661955	0
1	74	30.612181	19.749591	19.828237	29.809991	0
1	75	31.981614	18.682329	18.018386	31.314266	0.003405
1	76	36.736534	13.540681	13.779581	35.943205	0


